iteration, loss, time forward pass, time backward pass
0, 0.15100707113742828, 0.04997563362121582, 0.037641048431396484
1, 0.13865864276885986, 0.048011064529418945, 0.019178390502929688
2, 0.13035020232200623, 0.04378867149353027, 0.01883554458618164
3, 0.12279145419597626, 0.013472557067871094, 0.01690983772277832
4, 0.1132105216383934, 0.012560367584228516, 0.02077507972717285
5, 0.1033429428935051, 0.013007640838623047, 0.018318891525268555
6, 0.0958985686302185, 0.013899803161621094, 0.01867222785949707
7, 0.08967354148626328, 0.013866662979125977, 0.01714181900024414
8, 0.08214771747589111, 0.013709068298339844, 0.016497373580932617
9, 0.0766509473323822, 0.012551546096801758, 0.0157926082611084
10, 0.06988757103681564, 0.012785673141479492, 0.016883373260498047
11, 0.06343512237071991, 0.013483285903930664, 0.01979851722717285
12, 0.05642882362008095, 0.014036417007446289, 0.017427444458007812
13, 0.0508878268301487, 0.01372218132019043, 0.0166473388671875
14, 0.0471632294356823, 0.012675285339355469, 0.016782283782958984
15, 0.040451861917972565, 0.013617992401123047, 0.02016448974609375
16, 0.03642533719539642, 0.015735387802124023, 0.019666194915771484
17, 0.031455229967832565, 0.01868724822998047, 0.017879009246826172
18, 0.027480348944664, 0.012456655502319336, 0.018856048583984375
19, 0.0235887560993433, 0.01518702507019043, 0.06741476058959961
20, 0.0201396644115448, 0.033623695373535156, 0.029298067092895508
21, 0.01665525883436203, 0.01890420913696289, 0.018657445907592773
22, 0.013409058563411236, 0.012815237045288086, 0.018203020095825195
23, 0.011042377911508083, 0.017165660858154297, 0.01626133918762207
24, 0.008875491097569466, 0.013614654541015625, 0.017603635787963867
25, 0.0067670345306396484, 0.01676797866821289, 0.017725229263305664
26, 0.005061192438006401, 0.016767024993896484, 0.02570796012878418
27, 0.003613232634961605, 0.019027233123779297, 0.01813817024230957
28, 0.0025175020564347506, 0.014310836791992188, 0.017590045928955078
29, 0.0016117629129439592, 0.012347936630249023, 0.017592668533325195
30, 0.0009227769332937896, 0.014077901840209961, 0.019527912139892578
31, 0.00047491712030023336, 0.01700139045715332, 0.01707005500793457
32, 0.0001749666698742658, 0.013936281204223633, 0.017326831817626953
33, 3.026314516318962e-05, 0.016804218292236328, 0.07453107833862305
34, 8.702992090547923e-06, 0.02249312400817871, 0.02198004722595215
35, 8.009778684936464e-05, 0.030157804489135742, 0.023654460906982422
36, 0.00022389089281205088, 0.02217268943786621, 0.01973104476928711
37, 0.0004041811916977167, 0.011389732360839844, 0.02397322654724121
38, 0.0005993747035972774, 0.01386404037475586, 0.02707695960998535
39, 0.0008214027038775384, 0.019537687301635742, 0.021159887313842773
40, 0.0010012860875576735, 0.016272544860839844, 0.021347999572753906
41, 0.0011542722349986434, 0.017985105514526367, 0.018772363662719727
42, 0.0012978982413187623, 0.014609813690185547, 0.017871618270874023
43, 0.0013843579217791557, 0.012510538101196289, 0.018314599990844727
44, 0.0014724780339747667, 0.013809919357299805, 0.01858210563659668
45, 0.0014127366011962295, 0.012569427490234375, 0.017911911010742188
46, 0.0013910146662965417, 0.014800548553466797, 0.01850295066833496
47, 0.0013497383333742619, 0.013860464096069336, 0.019564390182495117
48, 0.0012881334405392408, 0.013399124145507812, 0.017403602600097656
49, 0.0011748024262487888, 0.013764381408691406, 0.017017602920532227
50, 0.0010307533666491508, 0.012486934661865234, 0.024198055267333984
51, 0.0009306460269726813, 0.019147396087646484, 0.02165532112121582
52, 0.0007902440847828984, 0.014355659484863281, 0.020031452178955078
53, 0.0006576431333087385, 0.014918804168701172, 0.019779205322265625
54, 0.0005509220063686371, 0.012033224105834961, 0.018841266632080078
55, 0.0004420870100148022, 0.012658119201660156, 0.01721668243408203
56, 0.0003491607494652271, 0.013054132461547852, 0.01795053482055664
57, 0.0002516045933589339, 0.01854848861694336, 0.02416396141052246
58, 0.00018908946367446333, 0.016833782196044922, 0.020649194717407227
59, 0.0001267085172003135, 0.011862993240356445, 0.01702737808227539
60, 7.890797132859007e-05, 0.012627601623535156, 0.02096867561340332
61, 4.5007443986833096e-05, 0.01526331901550293, 0.021336793899536133
62, 2.2349880964611657e-05, 0.013924121856689453, 0.01901698112487793
63, 9.231994226865936e-06, 0.013730764389038086, 0.019140958786010742
64, 3.851833298540441e-06, 0.015365123748779297, 0.01878952980041504
65, 4.494646873354213e-06, 0.014631986618041992, 0.025851011276245117
66, 9.770469659997616e-06, 0.013273954391479492, 0.017780065536499023
67, 1.8148850358556956e-05, 0.012371540069580078, 0.016733884811401367
68, 2.7884863811777905e-05, 0.013754606246948242, 0.021736621856689453
69, 3.741195178008638e-05, 0.01680278778076172, 0.03330826759338379
70, 4.7411762352567166e-05, 0.019356966018676758, 0.025283098220825195
71, 5.600139411399141e-05, 0.014165401458740234, 0.020603179931640625
72, 6.337109516607597e-05, 0.013393878936767578, 0.016109228134155273
73, 6.84458645991981e-05, 0.013427734375, 0.017391681671142578
74, 7.049193663988262e-05, 0.015297651290893555, 0.018971681594848633
75, 7.156209903769195e-05, 0.01242208480834961, 0.016955137252807617
76, 7.09758824086748e-05, 0.01257777214050293, 0.018285751342773438
77, 6.794201181037351e-05, 0.012365579605102539, 0.017981290817260742
78, 6.355056393658742e-05, 0.012354850769042969, 0.018134593963623047
79, 5.8169272961094975e-05, 0.013204574584960938, 0.018143653869628906
80, 5.2036481065442786e-05, 0.012804746627807617, 0.019092559814453125
81, 4.46890335297212e-05, 0.017623186111450195, 0.02841973304748535
82, 3.762787309824489e-05, 0.016210556030273438, 0.022736072540283203
83, 3.126607043668628e-05, 0.018413066864013672, 0.01910114288330078
84, 2.577472332632169e-05, 0.014621734619140625, 0.019620895385742188
85, 2.0336070519988425e-05, 0.01385354995727539, 0.019545555114746094
86, 1.5476960470550694e-05, 0.016371965408325195, 0.022798776626586914
87, 1.1520470252435189e-05, 0.016123533248901367, 0.029526472091674805
88, 8.450815585092641e-06, 0.01842498779296875, 0.02390432357788086
89, 6.082047548261471e-06, 0.022747516632080078, 0.01968860626220703
90, 4.672996055887779e-06, 0.012016773223876953, 0.017281293869018555
91, 3.6278302104619797e-06, 0.016910314559936523, 0.037476301193237305
92, 3.2678501611371757e-06, 0.018387317657470703, 0.023873567581176758
93, 3.3832250210252823e-06, 0.013511896133422852, 0.01996588706970215
94, 3.7133543173695216e-06, 0.014677286148071289, 0.01844620704650879
95, 4.281312158127548e-06, 0.012496232986450195, 0.018633365631103516
96, 5.088040325063048e-06, 0.0172119140625, 0.01871514320373535
97, 5.6630497056175955e-06, 0.01277470588684082, 0.01898050308227539
98, 6.405416115740081e-06, 0.015575647354125977, 0.017950057983398438
99, 7.084574917826103e-06, 0.012447118759155273, 0.01852250099182129
100, 7.319173619180219e-06, 0.016790390014648438, 0.018338680267333984
101, 7.4594308898667805e-06, 0.013573884963989258, 0.02003931999206543
102, 7.758613719488494e-06, 0.016257524490356445, 0.020036935806274414
103, 7.2988618740055244e-06, 0.017199993133544922, 0.020043611526489258
104, 7.318086773011601e-06, 0.013505697250366211, 0.01797962188720703
105, 6.850945737824077e-06, 0.013896465301513672, 0.029241085052490234
106, 6.643793767580064e-06, 0.018568754196166992, 0.029022932052612305
107, 6.0449729062383994e-06, 0.01441335678100586, 0.023445844650268555
108, 5.731556029786589e-06, 0.014703750610351562, 0.020884990692138672
109, 5.164241883903742e-06, 0.013199329376220703, 0.019574403762817383
110, 4.790393177245278e-06, 0.014970779418945312, 0.018088340759277344
111, 4.321087999414885e-06, 0.012809038162231445, 0.017055749893188477
112, 3.931683750124648e-06, 0.011861085891723633, 0.018785953521728516
113, 3.697266720337211e-06, 0.0157620906829834, 0.01958918571472168
114, 3.4437907743267715e-06, 0.013454675674438477, 0.019832134246826172
115, 3.3256087590416428e-06, 0.012543439865112305, 0.021059513092041016
116, 3.289894038971397e-06, 0.019406795501708984, 0.017583608627319336
117, 3.193454404026852e-06, 0.0202178955078125, 0.02683281898498535
118, 3.153053285132046e-06, 0.021175146102905273, 0.02849578857421875
119, 3.152951194351772e-06, 0.015946626663208008, 0.021676301956176758
120, 3.211318698959076e-06, 0.013644933700561523, 0.01914048194885254
121, 3.300112666693167e-06, 0.016898393630981445, 0.01793384552001953
122, 3.3228493521164637e-06, 0.012614250183105469, 0.019989490509033203
123, 3.4010715808108216e-06, 0.015408754348754883, 0.019266605377197266
124, 3.448801408012514e-06, 0.013615846633911133, 0.017882108688354492
125, 3.492766609269893e-06, 0.014711618423461914, 0.01761341094970703
126, 3.4370048069831682e-06, 0.013263463973999023, 0.018690109252929688
127, 3.500820184854092e-06, 0.014988899230957031, 0.017963171005249023
128, 3.4389922802802175e-06, 0.014383554458618164, 0.021677494049072266
129, 3.3912549497472355e-06, 0.02452850341796875, 0.026158809661865234
130, 3.383263219802757e-06, 0.017299175262451172, 0.026043415069580078
131, 3.3815870210673893e-06, 0.022941112518310547, 0.020735502243041992
132, 3.3349249406455783e-06, 0.013870477676391602, 0.018500804901123047
133, 3.2657744668540545e-06, 0.01422882080078125, 0.019435882568359375
134, 3.274972641520435e-06, 0.014918804168701172, 0.020540714263916016
135, 3.1599845442542573e-06, 0.02071380615234375, 0.023122787475585938
136, 3.184405159117887e-06, 0.015202999114990234, 0.020355701446533203
137, 3.1722886433271924e-06, 0.014207124710083008, 0.019619226455688477
138, 3.0509809221257456e-06, 0.013381004333496094, 0.02021336555480957
139, 3.0657161005365197e-06, 0.01914525032043457, 0.019122600555419922
140, 3.0805301776126726e-06, 0.015261650085449219, 0.01976799964904785
141, 3.0825794965494424e-06, 0.014387845993041992, 0.019633769989013672
142, 3.0207565941964276e-06, 0.012559175491333008, 0.019223690032958984
143, 3.062942596443463e-06, 0.015498161315917969, 0.020303726196289062
144, 3.0160276764945593e-06, 0.01362466812133789, 0.01907944679260254
145, 3.0695337045472115e-06, 0.013962268829345703, 0.0184018611907959
146, 3.074145752179902e-06, 0.014061689376831055, 0.018526792526245117
147, 3.051677367693628e-06, 0.014976263046264648, 0.01876974105834961
148, 3.066040562771377e-06, 0.013829231262207031, 0.0209352970123291
149, 3.07683535538672e-06, 0.013418912887573242, 0.019040346145629883
150, 3.074788082813029e-06, 0.016286611557006836, 0.018239259719848633
151, 3.014381263710675e-06, 0.012818574905395508, 0.019670724868774414
152, 3.083114279434085e-06, 0.011976242065429688, 0.020204544067382812
153, 2.9724169507971965e-06, 0.014987945556640625, 0.019802331924438477
154, 2.997481942657032e-06, 0.012794971466064453, 0.02008843421936035
155, 3.0115618301351788e-06, 0.018666982650756836, 0.020064353942871094
156, 2.9916284347564215e-06, 0.014641761779785156, 0.01855301856994629
157, 3.0459634672297398e-06, 0.01644611358642578, 0.0181887149810791
158, 2.974428070956492e-06, 0.015370607376098633, 0.020017147064208984
159, 3.0814421734248754e-06, 0.01573944091796875, 0.020418167114257812
160, 2.979410737680155e-06, 0.013715267181396484, 0.020906686782836914
161, 3.0179971872712485e-06, 0.013634443283081055, 0.01968860626220703
162, 3.001449385919841e-06, 0.018703222274780273, 0.02044081687927246
163, 2.9160614758438896e-06, 0.013864517211914062, 0.02274608612060547
164, 2.952077693407773e-06, 0.023280858993530273, 0.022235870361328125
165, 2.9301800168468617e-06, 0.014115571975708008, 0.019357681274414062
166, 2.9346126666496275e-06, 0.021552085876464844, 0.02417778968811035
167, 2.969471552205505e-06, 0.013425111770629883, 0.020422697067260742
168, 2.9446482585626654e-06, 0.017220497131347656, 0.01899123191833496
169, 2.957501465061796e-06, 0.012595653533935547, 0.019614458084106445
170, 2.921169425462722e-06, 0.014496326446533203, 0.01742863655090332
171, 2.951094757008832e-06, 0.013449668884277344, 0.01883554458618164
172, 2.8657539132836973e-06, 0.013958215713500977, 0.019282817840576172
173, 2.951534497697139e-06, 0.015017509460449219, 0.02096390724182129
174, 2.932337338279467e-06, 0.013219594955444336, 0.01951146125793457
175, 2.893630608014064e-06, 0.017706632614135742, 0.019916057586669922
176, 2.94355527330481e-06, 0.013865947723388672, 0.020491361618041992
177, 2.850255214070785e-06, 0.015289545059204102, 0.018811464309692383
178, 2.9481277579179732e-06, 0.013303756713867188, 0.019761323928833008
179, 2.8424406082194764e-06, 0.014533758163452148, 0.018444061279296875
180, 2.862964720407035e-06, 0.016808509826660156, 0.021307706832885742
181, 2.8654055768129183e-06, 0.0206754207611084, 0.019915342330932617
182, 2.8761451176251285e-06, 0.015776395797729492, 0.020272493362426758
183, 2.8571701022883644e-06, 0.025356292724609375, 0.026646137237548828
184, 2.8108922833780525e-06, 0.01936960220336914, 0.027144670486450195
185, 2.857966592273442e-06, 0.027407169342041016, 0.023449182510375977
186, 2.818674147420097e-06, 0.01369619369506836, 0.022226333618164062
187, 2.815446805470856e-06, 0.020913362503051758, 0.02086329460144043
188, 2.8473889415181475e-06, 0.015518426895141602, 0.020934581756591797
189, 2.805593339871848e-06, 0.014218568801879883, 0.020377397537231445
190, 2.7888429485756205e-06, 0.013765335083007812, 0.02120351791381836
191, 2.8074091460439377e-06, 0.015668630599975586, 0.02044224739074707
192, 2.803293000397389e-06, 0.014982461929321289, 0.017841339111328125
193, 2.8713805022562156e-06, 0.012799739837646484, 0.02156996726989746
194, 2.8127851692261174e-06, 0.013674736022949219, 0.022182941436767578
195, 2.8282252060307655e-06, 0.024595260620117188, 0.021338462829589844
196, 2.867466037059785e-06, 0.013669490814208984, 0.01975703239440918
197, 2.7454927931103157e-06, 0.023453474044799805, 0.018214702606201172
198, 2.789318159557297e-06, 0.016199111938476562, 0.020513534545898438
199, 2.7946955469815293e-06, 0.013520956039428711, 0.02027130126953125
200, 2.8227773327671457e-06, 0.016533851623535156, 0.021887540817260742
201, 2.7851683626067825e-06, 0.014116525650024414, 0.02006220817565918
202, 2.786183358693961e-06, 0.013959884643554688, 0.01988697052001953
203, 2.8153081075288355e-06, 0.0189206600189209, 0.019684791564941406
204, 2.754557499429211e-06, 0.016575098037719727, 0.019556760787963867
205, 2.7750788831326645e-06, 0.014968633651733398, 0.0218963623046875
206, 2.7909873097087257e-06, 0.01418614387512207, 0.02071833610534668
207, 2.7468342977954308e-06, 0.013449430465698242, 0.01964116096496582
208, 2.70555869974487e-06, 0.014135122299194336, 0.018598556518554688
209, 2.783213631118997e-06, 0.013803720474243164, 0.02081441879272461
210, 2.7515043257153593e-06, 0.014834165573120117, 0.0171661376953125
211, 2.7349969968781807e-06, 0.012988805770874023, 0.01907634735107422
212, 2.713015646804706e-06, 0.01278233528137207, 0.020449161529541016
213, 2.7513613076735055e-06, 0.017191410064697266, 0.02010035514831543
214, 2.6990906007995363e-06, 0.013633012771606445, 0.019391536712646484
215, 2.6950488063448574e-06, 0.017005205154418945, 0.0223696231842041
216, 2.7227979444433004e-06, 0.015120983123779297, 0.02042865753173828
217, 2.6819679987966083e-06, 0.018926143646240234, 0.027443885803222656
218, 2.739000592555385e-06, 0.01568150520324707, 0.020843982696533203
219, 2.7915514237975003e-06, 0.020038843154907227, 0.019449949264526367
220, 2.70557666226523e-06, 0.014659404754638672, 0.020418167114257812
221, 2.7027128908230225e-06, 0.016420841217041016, 0.020162343978881836
222, 2.679261797311483e-06, 0.014773368835449219, 0.02179121971130371
223, 2.6667732981877634e-06, 0.013750314712524414, 0.02143073081970215
224, 2.6947370770358248e-06, 0.013261556625366211, 0.02081775665283203
225, 2.680227680684766e-06, 0.014414072036743164, 0.017255544662475586
226, 2.651197064551525e-06, 0.013830423355102539, 0.021111011505126953
227, 2.6653681288735243e-06, 0.016155719757080078, 0.021468639373779297
228, 2.629200707815471e-06, 0.015462398529052734, 0.01890087127685547
229, 2.6353322937211487e-06, 0.01709461212158203, 0.020360946655273438
230, 2.606894895507139e-06, 0.01474761962890625, 0.0211331844329834
231, 2.6578256893117214e-06, 0.015495777130126953, 0.022675514221191406
232, 2.6769751002575504e-06, 0.016351938247680664, 0.02129960060119629
233, 2.6054879072034964e-06, 0.015228748321533203, 0.020899295806884766
234, 2.594285433588084e-06, 0.015611886978149414, 0.0209197998046875
235, 2.625518391141668e-06, 0.013783931732177734, 0.022620439529418945
236, 2.6497159524296876e-06, 0.016057729721069336, 0.020159482955932617
237, 2.5944480057660257e-06, 0.01733541488647461, 0.020279407501220703
238, 2.565756631156546e-06, 0.016764163970947266, 0.02168416976928711
239, 2.6085397166752955e-06, 0.01939225196838379, 0.0180666446685791
240, 2.6177842755714664e-06, 0.014423131942749023, 0.021518230438232422
241, 2.63340666606382e-06, 0.01822638511657715, 0.02044820785522461
242, 2.5770768843358383e-06, 0.015255451202392578, 0.021468400955200195
243, 2.579870397312334e-06, 0.018862009048461914, 0.02134561538696289
244, 2.528073309804313e-06, 0.01495504379272461, 0.021625757217407227
245, 2.537929503887426e-06, 0.014795064926147461, 0.02040839195251465
246, 2.574275868028053e-06, 0.015298128128051758, 0.021903276443481445
247, 2.5776555503398413e-06, 0.016146421432495117, 0.02199411392211914
248, 2.5420433757972205e-06, 0.014489889144897461, 0.02032947540283203
249, 2.5671449748188024e-06, 0.014962911605834961, 0.019785165786743164
250, 2.5108540739893215e-06, 0.014792680740356445, 0.020240068435668945
251, 2.5338995328638703e-06, 0.016497135162353516, 0.020391464233398438
252, 2.5296526473539416e-06, 0.014047622680664062, 0.021796464920043945
253, 2.528220647946e-06, 0.01580023765563965, 0.019418001174926758
254, 2.549341388657922e-06, 0.015795469284057617, 0.0214231014251709
255, 2.521416718082037e-06, 0.015922069549560547, 0.02280116081237793
256, 2.476854433552944e-06, 0.016002655029296875, 0.021662235260009766
257, 2.485720415279502e-06, 0.01965808868408203, 0.029651403427124023
258, 2.5283438844780903e-06, 0.014441251754760742, 0.021741867065429688
259, 2.4650707928230986e-06, 0.015608787536621094, 0.022743940353393555
260, 2.5408778583368985e-06, 0.014487743377685547, 0.020803451538085938
261, 2.4720072815398453e-06, 0.015108108520507812, 0.02206254005432129
262, 2.5029924017871963e-06, 0.019115447998046875, 0.020703792572021484
263, 2.454306468280265e-06, 0.014824867248535156, 0.020946264266967773
264, 2.426222181384219e-06, 0.017925262451171875, 0.021777868270874023
265, 2.469934088367154e-06, 0.014404535293579102, 0.021097183227539062
266, 2.460086307110032e-06, 0.018555164337158203, 0.023761510848999023
267, 2.472380629114923e-06, 0.014094352722167969, 0.020508527755737305
268, 2.471631660228013e-06, 0.014211654663085938, 0.018888235092163086
269, 2.4166772618627874e-06, 0.015370845794677734, 0.019805192947387695
270, 2.4860587473085616e-06, 0.01440119743347168, 0.019176483154296875
271, 2.419302973066806e-06, 0.01740241050720215, 0.021883726119995117
272, 2.4607325030956417e-06, 0.016222000122070312, 0.022171974182128906
273, 2.4023700007091975e-06, 0.01725316047668457, 0.023578166961669922
274, 2.4164305614249315e-06, 0.02265143394470215, 0.03101515769958496
275, 2.463008740960504e-06, 0.021635055541992188, 0.039899349212646484
276, 2.3453983430954395e-06, 0.019304990768432617, 0.028765201568603516
277, 2.4102334919007262e-06, 0.0219879150390625, 0.024621248245239258
278, 2.449180101393722e-06, 0.018463611602783203, 0.026422739028930664
279, 2.459461029502563e-06, 0.013553619384765625, 0.023913145065307617
280, 2.3942905045259977e-06, 0.014078855514526367, 0.02191329002380371
281, 2.36700566347281e-06, 0.01487278938293457, 0.02101588249206543
282, 2.419809788989369e-06, 0.0139923095703125, 0.021529436111450195
283, 2.3989407509361627e-06, 0.014561891555786133, 0.020803451538085938
284, 2.3493828393839067e-06, 0.021981000900268555, 0.02306509017944336
285, 2.405558007012587e-06, 0.015286922454833984, 0.021561861038208008
286, 2.348714133404428e-06, 0.01624321937561035, 0.021183252334594727
287, 2.3660734314034926e-06, 0.01567816734313965, 0.022023439407348633
288, 2.3592638171976432e-06, 0.01658773422241211, 0.021367549896240234
289, 2.4040357402554946e-06, 0.01436614990234375, 0.021815776824951172
290, 2.3483896711695706e-06, 0.01611042022705078, 0.0201265811920166
291, 2.3410257199429907e-06, 0.016467571258544922, 0.020493030548095703
292, 2.33203263633186e-06, 0.014911890029907227, 0.022719621658325195
293, 2.379991656198399e-06, 0.015552759170532227, 0.021531343460083008
294, 2.3667396362725412e-06, 0.016352415084838867, 0.026602745056152344
295, 2.3263705770659726e-06, 0.019316434860229492, 0.022166728973388672
296, 2.3499346752942074e-06, 0.01674938201904297, 0.022205114364624023
297, 2.3406751097354572e-06, 0.014408349990844727, 0.020938396453857422
298, 2.335784756724024e-06, 0.01709580421447754, 0.022228002548217773
299, 2.2789881768403575e-06, 0.01574420928955078, 0.023070335388183594
300, 2.282116611240781e-06, 0.015815019607543945, 0.023507118225097656
301, 2.311189291503979e-06, 0.01565074920654297, 0.021034717559814453
302, 2.3149673324951436e-06, 0.015874862670898438, 0.022634506225585938
303, 2.315514848305611e-06, 0.014318227767944336, 0.0229494571685791
304, 2.313366394446348e-06, 0.016041994094848633, 0.021760225296020508
305, 2.276885197716183e-06, 0.014890432357788086, 0.020433425903320312
306, 2.300062078575138e-06, 0.015050888061523438, 0.021868467330932617
307, 2.310771151314839e-06, 0.014153480529785156, 0.02243947982788086
308, 2.2838878521724837e-06, 0.015101909637451172, 0.022626399993896484
309, 2.299559810126084e-06, 0.0162811279296875, 0.02286052703857422
310, 2.2679982976114843e-06, 0.014576911926269531, 0.021007061004638672
311, 2.216859229520196e-06, 0.014929771423339844, 0.02331852912902832
312, 2.271044877488748e-06, 0.01580977439880371, 0.021897315979003906
313, 2.2186927708389703e-06, 0.013209104537963867, 0.01978325843811035
314, 2.2221611288841814e-06, 0.017048120498657227, 0.021658658981323242
315, 2.1966020540276077e-06, 0.014736175537109375, 0.019932270050048828
316, 2.2383812847692752e-06, 0.014552593231201172, 0.02282118797302246
317, 2.209035983469221e-06, 0.019828081130981445, 0.02269268035888672
318, 2.2361987248586956e-06, 0.016069889068603516, 0.023746013641357422
319, 2.1941386876278557e-06, 0.015117168426513672, 0.024018526077270508
320, 2.1993716927681817e-06, 0.015401601791381836, 0.02404928207397461
321, 2.196627974626608e-06, 0.01512598991394043, 0.022448301315307617
322, 2.1847420157428132e-06, 0.01444864273071289, 0.022545337677001953
323, 2.2025517409929307e-06, 0.014101743698120117, 0.02236151695251465
324, 2.1723242298321566e-06, 0.02236485481262207, 0.02288532257080078
325, 2.231741063951631e-06, 0.016354799270629883, 0.02312493324279785
326, 2.1262719656078843e-06, 0.018995046615600586, 0.021651506423950195
327, 2.160993972211145e-06, 0.016453027725219727, 0.019062280654907227
328, 2.175777808588464e-06, 0.01665019989013672, 0.022375106811523438
329, 2.133802581738564e-06, 0.015297174453735352, 0.022584915161132812
330, 2.1523246687138453e-06, 0.015964508056640625, 0.024048328399658203
331, 2.124793354596477e-06, 0.01683330535888672, 0.02375626564025879
332, 2.1091914277349133e-06, 0.014990806579589844, 0.021405935287475586
333, 2.1566386294580298e-06, 0.026387929916381836, 0.027910709381103516
334, 2.135292788807419e-06, 0.019011974334716797, 0.025017261505126953
335, 2.149994543287903e-06, 0.01819610595703125, 0.023025989532470703
336, 2.1764710709248902e-06, 0.015802621841430664, 0.024509191513061523
337, 2.167778802686371e-06, 0.016439437866210938, 0.02422308921813965
338, 2.1603575532935793e-06, 0.015712976455688477, 0.023226022720336914
339, 2.1368457510106964e-06, 0.018233299255371094, 0.024022579193115234
340, 2.0702520941995317e-06, 0.02045750617980957, 0.02189183235168457
341, 2.1179616851441097e-06, 0.01727151870727539, 0.023655414581298828
342, 2.1002804260206176e-06, 0.01523137092590332, 0.02617645263671875
343, 2.096679963869974e-06, 0.02460503578186035, 0.023272037506103516
344, 2.0650049918913282e-06, 0.015999794006347656, 0.02319169044494629
345, 2.0802513063244987e-06, 0.015955209732055664, 0.022530794143676758
346, 2.040169420070015e-06, 0.0178375244140625, 0.024547576904296875
347, 2.0934587610099697e-06, 0.015070438385009766, 0.021261215209960938
348, 2.045934479610878e-06, 0.018561124801635742, 0.020629405975341797
349, 2.050796638286556e-06, 0.014489889144897461, 0.02389240264892578
350, 2.079980504277046e-06, 0.01867055892944336, 0.020810604095458984
351, 2.0530585516098654e-06, 0.020113706588745117, 0.025979280471801758
352, 2.0201939605613006e-06, 0.018464326858520508, 0.02512812614440918
353, 2.08855726668844e-06, 0.015421867370605469, 0.021420955657958984
354, 2.035529405475245e-06, 0.013952255249023438, 0.024142742156982422
355, 2.02252272174519e-06, 0.016225099563598633, 0.02590632438659668
356, 2.0213790321577108e-06, 0.017874479293823242, 0.025144100189208984
357, 2.0356139884825097e-06, 0.014920949935913086, 0.024246692657470703
358, 2.0303009478084277e-06, 0.01796269416809082, 0.030445337295532227
359, 1.983219362955424e-06, 0.016507625579833984, 0.02317357063293457
360, 2.0213183233863674e-06, 0.016594409942626953, 0.023776531219482422
361, 2.0043244148837402e-06, 0.019631624221801758, 0.023800373077392578
362, 1.9936544504162157e-06, 0.015079975128173828, 0.023688554763793945
363, 1.9968404103565263e-06, 0.016448974609375, 0.02168130874633789
364, 2.004288944590371e-06, 0.017374753952026367, 0.02143692970275879
365, 2.0063262127223425e-06, 0.0157930850982666, 0.02275371551513672
366, 1.948913222804549e-06, 0.015956401824951172, 0.02413773536682129
367, 1.967971684280201e-06, 0.020311355590820312, 0.021631479263305664
368, 1.981615696422523e-06, 0.01561117172241211, 0.0256192684173584
369, 2.0156128357484704e-06, 0.018429040908813477, 0.025620698928833008
370, 1.968615606529056e-06, 0.015850067138671875, 0.02618122100830078
371, 1.9836388673866168e-06, 0.025423526763916016, 0.02390003204345703
372, 1.966788204299519e-06, 0.016387224197387695, 0.0242307186126709
373, 1.9938297555199824e-06, 0.021564960479736328, 0.02507328987121582
374, 1.954724893948878e-06, 0.014889001846313477, 0.022399425506591797
375, 1.92934567166958e-06, 0.020540475845336914, 0.023505687713623047
376, 1.914236008815351e-06, 0.015311956405639648, 0.025552749633789062
377, 1.9099816199741326e-06, 0.01996445655822754, 0.026897192001342773
378, 1.923714989970904e-06, 0.018093347549438477, 0.026079893112182617
379, 1.8825232928065816e-06, 0.017613649368286133, 0.024847030639648438
380, 1.9028032056667143e-06, 0.01618337631225586, 0.023743629455566406
381, 1.8963359025292448e-06, 0.016773700714111328, 0.025353670120239258
382, 1.9146862086927285e-06, 0.014556407928466797, 0.025573015213012695
383, 1.8787113731377758e-06, 0.0165102481842041, 0.023647069931030273
384, 1.9274264104751637e-06, 0.01597309112548828, 0.022803783416748047
385, 1.884576022348483e-06, 0.017117977142333984, 0.021756887435913086
386, 1.8766263565339614e-06, 0.019350767135620117, 0.02521824836730957
387, 1.8923334437204176e-06, 0.01968550682067871, 0.02500605583190918
388, 1.9026745121664135e-06, 0.017742156982421875, 0.024466991424560547
389, 1.9035393279409618e-06, 0.017711400985717773, 0.025763988494873047
390, 1.8989754835274653e-06, 0.016850948333740234, 0.024816036224365234
391, 1.906190050249279e-06, 0.014666080474853516, 0.024854660034179688
392, 1.8784802477966878e-06, 0.017325162887573242, 0.02294468879699707
393, 1.853121716521855e-06, 0.01706385612487793, 0.02356123924255371
394, 1.822275066842849e-06, 0.017004013061523438, 0.024517059326171875
395, 1.8239786641061073e-06, 0.014571666717529297, 0.02705097198486328
396, 1.8805977788360906e-06, 0.017883777618408203, 0.026456594467163086
397, 1.8508239918446634e-06, 0.016306161880493164, 0.02486586570739746
398, 1.8428817156745936e-06, 0.017898082733154297, 0.022216320037841797
399, 1.8614971395436442e-06, 0.020757198333740234, 0.026177406311035156
400, 1.810175490390975e-06, 0.01723027229309082, 0.023663759231567383
401, 1.8071278873321717e-06, 0.015340805053710938, 0.0219881534576416
402, 1.8402322439214913e-06, 0.017109394073486328, 0.0235292911529541
403, 1.8433501054460066e-06, 0.016699790954589844, 0.022766590118408203
404, 1.7598352997083566e-06, 0.015764236450195312, 0.0245816707611084
405, 1.7985910290008178e-06, 0.01640796661376953, 0.023776531219482422
406, 1.811629317671759e-06, 0.01628255844116211, 0.02428412437438965
407, 1.7785768022804405e-06, 0.017646312713623047, 0.023936748504638672
408, 1.7956202782443142e-06, 0.01720738410949707, 0.02640056610107422
409, 1.756920937623363e-06, 0.01852130889892578, 0.033628225326538086
410, 1.7781650285542128e-06, 0.021460771560668945, 0.026617765426635742
411, 1.7826944258558797e-06, 0.0179290771484375, 0.024950504302978516
412, 1.7666745861788513e-06, 0.019017457962036133, 0.025398731231689453
413, 1.7282649196204147e-06, 0.015926599502563477, 0.023888587951660156
414, 1.7635288713790942e-06, 0.021000385284423828, 0.026992321014404297
415, 1.767613184711081e-06, 0.018624544143676758, 0.027312517166137695
416, 1.7660036064626183e-06, 0.017296791076660156, 0.024589061737060547
417, 1.7516549633000977e-06, 0.021990537643432617, 0.02433156967163086
418, 1.7315858258371009e-06, 0.018100976943969727, 0.024750709533691406
419, 1.7380638155373163e-06, 0.018138885498046875, 0.028683900833129883
420, 1.7172192201542202e-06, 0.018870830535888672, 0.02713155746459961
421, 1.7299752244070987e-06, 0.01760077476501465, 0.024066925048828125
422, 1.7365350686304737e-06, 0.02010488510131836, 0.025445222854614258
423, 1.7313457192358328e-06, 0.016423463821411133, 0.02488231658935547
424, 1.7048639620043105e-06, 0.018877267837524414, 0.024818897247314453
425, 1.691657075753028e-06, 0.016731739044189453, 0.022278308868408203
426, 1.7007730548357358e-06, 0.018925905227661133, 0.025693655014038086
427, 1.6832645997055806e-06, 0.01682734489440918, 0.025040388107299805
428, 1.7132076663983753e-06, 0.01660943031311035, 0.025162458419799805
429, 1.7298891634709435e-06, 0.01803112030029297, 0.026428937911987305
430, 1.6919614154176088e-06, 0.0157926082611084, 0.024340152740478516
431, 1.685230017756112e-06, 0.017635583877563477, 0.02808356285095215
432, 1.6695253179932479e-06, 0.017238378524780273, 0.02562260627746582
433, 1.674123609518574e-06, 0.020028114318847656, 0.022812604904174805
434, 1.6659153061482357e-06, 0.01661992073059082, 0.024275779724121094
435, 1.6326794138876721e-06, 0.015547037124633789, 0.02552962303161621
436, 1.655193955230061e-06, 0.017039060592651367, 0.024005889892578125
437, 1.6328921219610493e-06, 0.019519805908203125, 0.025779008865356445
438, 1.6422421822426259e-06, 0.021760940551757812, 0.02658247947692871
439, 1.6366408317480818e-06, 0.01613450050354004, 0.02563643455505371
440, 1.6486064851051196e-06, 0.026136398315429688, 0.024219036102294922
441, 1.6087597032310441e-06, 0.018742799758911133, 0.03157234191894531
442, 1.6486480944877258e-06, 0.02522873878479004, 0.02738332748413086
443, 1.6279941519314889e-06, 0.017202138900756836, 0.023839473724365234
444, 1.6252716932285693e-06, 0.025548219680786133, 0.0241086483001709
445, 1.639601919123379e-06, 0.01746654510498047, 0.024348974227905273
446, 1.618003011572e-06, 0.01624584197998047, 0.025432109832763672
447, 1.6031723362175399e-06, 0.016699552536010742, 0.03221869468688965
448, 1.6126017499118461e-06, 0.020720720291137695, 0.023690223693847656
449, 1.5836698139537475e-06, 0.01782846450805664, 0.025551795959472656
450, 1.6083247373899212e-06, 0.02017951011657715, 0.025926589965820312
451, 1.583602625032654e-06, 0.017059326171875, 0.024262189865112305
452, 1.5974686675690464e-06, 0.01851177215576172, 0.02414250373840332
453, 1.5976046370269614e-06, 0.017398834228515625, 0.02437615394592285
454, 1.5856628579058452e-06, 0.017180681228637695, 0.024847030639648438
455, 1.5949611906762584e-06, 0.01819920539855957, 0.024188995361328125
456, 1.6017007737900713e-06, 0.015377998352050781, 0.02250838279724121
457, 1.5678913314332021e-06, 0.017077207565307617, 0.02523064613342285
458, 1.5644363884348422e-06, 0.01698017120361328, 0.024164676666259766
459, 1.5744163874842343e-06, 0.018769025802612305, 0.02675604820251465
460, 1.5772963024573983e-06, 0.016603708267211914, 0.02437305450439453
461, 1.52277016240987e-06, 0.01922464370727539, 0.03473687171936035
462, 1.5334627505581011e-06, 0.01934528350830078, 0.027375459671020508
463, 1.5356222320406232e-06, 0.018135786056518555, 0.024761438369750977
464, 1.5468345964109176e-06, 0.016499996185302734, 0.026458740234375
465, 1.5433992075486458e-06, 0.0190584659576416, 0.02567315101623535
466, 1.5558440509266802e-06, 0.01817154884338379, 0.031638145446777344
467, 1.5297994195861975e-06, 0.019329547882080078, 0.028623342514038086
468, 1.5220699651763425e-06, 0.023896217346191406, 0.03193521499633789
469, 1.5392298564620432e-06, 0.028206586837768555, 0.0334012508392334
470, 1.5458978168680915e-06, 0.022763490676879883, 0.0279843807220459
471, 1.5199749441308086e-06, 0.020836353302001953, 0.025071144104003906
472, 1.5314533357013715e-06, 0.018864154815673828, 0.0261232852935791
473, 1.5189638133961125e-06, 0.017258405685424805, 0.026295185089111328
474, 1.5487969449168304e-06, 0.021038055419921875, 0.026716232299804688
475, 1.4970868278396665e-06, 0.016971349716186523, 0.025703907012939453
476, 1.4593065316148568e-06, 0.02199268341064453, 0.02630758285522461
477, 1.4943453834348475e-06, 0.0192716121673584, 0.02651524543762207
478, 1.4858682106932974e-06, 0.0196685791015625, 0.02628946304321289
479, 1.4834110970696202e-06, 0.016275405883789062, 0.025228500366210938
480, 1.4866532183077652e-06, 0.024169445037841797, 0.03521227836608887
481, 1.4784128552491893e-06, 0.018428325653076172, 0.03163504600524902
482, 1.4631855265179183e-06, 0.018619298934936523, 0.03250694274902344
483, 1.476922420806659e-06, 0.020107030868530273, 0.02563619613647461
484, 1.4619116655012476e-06, 0.018277645111083984, 0.02595043182373047
485, 1.4684934512843029e-06, 0.018781423568725586, 0.025139808654785156
486, 1.458958536204591e-06, 0.017556428909301758, 0.027814149856567383
487, 1.4502863905363483e-06, 0.021851301193237305, 0.032196998596191406
488, 1.4673122450403753e-06, 0.018314838409423828, 0.03095102310180664
489, 1.425640334673517e-06, 0.020091772079467773, 0.02905893325805664
490, 1.4277173931986908e-06, 0.02125239372253418, 0.028766870498657227
491, 1.4285942597780377e-06, 0.018551111221313477, 0.028903484344482422
492, 1.4291191519077984e-06, 0.018346786499023438, 0.027001380920410156
493, 1.4275381090556039e-06, 0.019042253494262695, 0.025229215621948242
494, 1.4159268175717443e-06, 0.016959667205810547, 0.026763916015625
495, 1.432473368367937e-06, 0.016856670379638672, 0.032591819763183594
496, 1.4269658095145132e-06, 0.02121281623840332, 0.024747848510742188
497, 1.4376007584360195e-06, 0.01896977424621582, 0.024686336517333984
498, 1.3943183603259968e-06, 0.019243240356445312, 0.028921127319335938
499, 1.4075458238949068e-06, 0.017780065536499023, 0.027544498443603516
500, 1.4154684322420508e-06, 0.020581483840942383, 0.027245521545410156
501, 1.4171650946082082e-06, 0.02076244354248047, 0.027060270309448242
502, 1.3983798226036015e-06, 0.018213510513305664, 0.025459766387939453
503, 1.405913053531549e-06, 0.018013715744018555, 0.027606964111328125
504, 1.3681591326530906e-06, 0.02208995819091797, 0.033411502838134766
505, 1.3853339169145329e-06, 0.021039962768554688, 0.03409171104431152
506, 1.3794073083772673e-06, 0.017865657806396484, 0.0297548770904541
507, 1.3421979474514956e-06, 0.017972230911254883, 0.02626776695251465
508, 1.357639121124521e-06, 0.01928877830505371, 0.026812314987182617
509, 1.3748831406701356e-06, 0.017914295196533203, 0.024815082550048828
510, 1.3676278740604175e-06, 0.017597436904907227, 0.02620410919189453
511, 1.3370806755119702e-06, 0.018610715866088867, 0.02584075927734375
512, 1.3764680488748127e-06, 0.02801370620727539, 0.041704654693603516
513, 1.3742927649218473e-06, 0.02455282211303711, 0.03479933738708496
514, 1.3894925814383896e-06, 0.018985509872436523, 0.029664039611816406
515, 1.3549002915169694e-06, 0.017939329147338867, 0.02614307403564453
516, 1.343173380519147e-06, 0.02025771141052246, 0.02637195587158203
517, 1.332024567091139e-06, 0.01897907257080078, 0.03403782844543457
518, 1.3262241509437445e-06, 0.02806377410888672, 0.03922843933105469
519, 1.3185856460040668e-06, 0.033026695251464844, 0.03323221206665039
520, 1.3096127986500505e-06, 0.021684885025024414, 0.029631614685058594
521, 1.3391077118285466e-06, 0.018925905227661133, 0.031061410903930664
522, 1.3072854017082136e-06, 0.021087646484375, 0.029445409774780273
523, 1.2997619478483102e-06, 0.01935577392578125, 0.026970386505126953
524, 1.2854522992711281e-06, 0.019373416900634766, 0.029092073440551758
525, 1.3074906064503011e-06, 0.03309369087219238, 0.04114842414855957
526, 1.3008084351895377e-06, 0.027469635009765625, 0.030166149139404297
527, 1.3089018011669395e-06, 0.020815134048461914, 0.03050827980041504
528, 1.3189439869165653e-06, 0.018181324005126953, 0.02925562858581543
529, 1.2884248690170352e-06, 0.02369999885559082, 0.028599262237548828
530, 1.275153408641927e-06, 0.019448518753051758, 0.03032517433166504
531, 1.2830508921979344e-06, 0.016635417938232422, 0.02782464027404785
532, 1.2849283166360692e-06, 0.01825690269470215, 0.029126882553100586
533, 1.2662729886869784e-06, 0.0309751033782959, 0.041077613830566406
534, 1.2706336747214664e-06, 0.021683692932128906, 0.03626513481140137
535, 1.2361986136966152e-06, 0.020878076553344727, 0.027937650680541992
536, 1.2927457646583207e-06, 0.032956600189208984, 0.03795599937438965
537, 1.2581931514432654e-06, 0.019669294357299805, 0.0384981632232666
538, 1.260801241187437e-06, 0.0236666202545166, 0.03022027015686035
539, 1.219863065671234e-06, 0.0216367244720459, 0.030303478240966797
540, 1.2494043630795204e-06, 0.026505470275878906, 0.02958059310913086
541, 1.240552023773489e-06, 0.01906895637512207, 0.02967691421508789
542, 1.216728264807898e-06, 0.022089481353759766, 0.02752518653869629
543, 1.2486244713727501e-06, 0.01795482635498047, 0.029262542724609375
544, 1.217897533933865e-06, 0.02495741844177246, 0.02799677848815918
545, 1.2490921790231369e-06, 0.01780080795288086, 0.02707386016845703
546, 1.2407720078044804e-06, 0.019438743591308594, 0.02673172950744629
547, 1.2055443221470341e-06, 0.017766714096069336, 0.03160715103149414
548, 1.210017330777191e-06, 0.02228093147277832, 0.029317617416381836
549, 1.2237223927513696e-06, 0.024474143981933594, 0.029616832733154297
550, 1.2087321010767482e-06, 0.019763708114624023, 0.027489900588989258
551, 1.2082717830708134e-06, 0.017993450164794922, 0.029587268829345703
552, 1.1912219406440272e-06, 0.020208120346069336, 0.03003215789794922
553, 1.1957392871408956e-06, 0.019135713577270508, 0.0291750431060791
554, 1.1905407291123993e-06, 0.019252777099609375, 0.02984619140625
555, 1.18990499231586e-06, 0.01880955696105957, 0.028429746627807617
556, 1.186951976706041e-06, 0.019005298614501953, 0.02490854263305664
557, 1.1660331438179128e-06, 0.017317533493041992, 0.03615403175354004
558, 1.1956955177083728e-06, 0.025177478790283203, 0.033921003341674805
559, 1.1631435654635425e-06, 0.02471303939819336, 0.03322720527648926
560, 1.168050857813796e-06, 0.030336856842041016, 0.03265976905822754
561, 1.1758779692172538e-06, 0.024727821350097656, 0.03892707824707031
562, 1.160921783593949e-06, 0.02451777458190918, 0.03351163864135742
563, 1.1562815416255035e-06, 0.023818492889404297, 0.03481268882751465
564, 1.1561893416001112e-06, 0.024477005004882812, 0.0364232063293457
565, 1.1531706149980891e-06, 0.02254343032836914, 0.03186655044555664
566, 1.174465296571725e-06, 0.020359277725219727, 0.03070688247680664
567, 1.1240524599998025e-06, 0.02281951904296875, 0.03259015083312988
568, 1.1253099501118413e-06, 0.023313522338867188, 0.03189206123352051
569, 1.1374452242307598e-06, 0.026480913162231445, 0.03170418739318848
570, 1.1251314617766184e-06, 0.02018141746520996, 0.029710769653320312
571, 1.115619966185477e-06, 0.022729158401489258, 0.04258584976196289
572, 1.099302721740969e-06, 0.03453826904296875, 0.03516507148742676
573, 1.1195497791050002e-06, 0.025265216827392578, 0.0466763973236084
574, 1.1154626236020704e-06, 0.021765947341918945, 0.03295731544494629
575, 1.1469120408946765e-06, 0.023445606231689453, 0.030638456344604492
576, 1.1297005357846501e-06, 0.01871800422668457, 0.02985978126525879
577, 1.1154556887049694e-06, 0.021364450454711914, 0.027953624725341797
578, 1.1028298558812821e-06, 0.019788742065429688, 0.029201507568359375
579, 1.1010334901584429e-06, 0.021921634674072266, 0.028743505477905273
580, 1.1179606644873274e-06, 0.018444061279296875, 0.028511524200439453
581, 1.0947796909022145e-06, 0.020333528518676758, 0.03069305419921875
582, 1.0799359415614163e-06, 0.02014636993408203, 0.031146526336669922
583, 1.0813936341946828e-06, 0.02200937271118164, 0.02785944938659668
584, 1.095489210456435e-06, 0.022596120834350586, 0.0295255184173584
585, 1.093103492166847e-06, 0.02097177505493164, 0.03231692314147949
586, 1.10667360786465e-06, 0.020504236221313477, 0.03276467323303223
587, 1.0820873512784601e-06, 0.026427030563354492, 0.03252696990966797
588, 1.0712312814575853e-06, 0.021930694580078125, 0.036565542221069336
589, 1.0703246289267554e-06, 0.028625011444091797, 0.04136991500854492
590, 1.0960678764604381e-06, 0.03713202476501465, 0.03717041015625
591, 1.0499486506887479e-06, 0.029776811599731445, 0.03687715530395508
592, 1.037202991938102e-06, 0.026372432708740234, 0.031701087951660156
593, 1.0547141755523626e-06, 0.023192167282104492, 0.03751063346862793
594, 1.0542303243710194e-06, 0.022940874099731445, 0.03481626510620117
595, 1.0248600119666662e-06, 0.035546302795410156, 0.04818153381347656
596, 1.05073593203997e-06, 0.03167605400085449, 0.03614997863769531
597, 1.0359019597672159e-06, 0.023567914962768555, 0.03532099723815918
598, 1.043723614202463e-06, 0.025187969207763672, 0.03651595115661621
599, 1.0561316230450757e-06, 0.03879213333129883, 0.037100791931152344
600, 1.034616730066773e-06, 0.024831771850585938, 0.03674006462097168
601, 1.0324774848413654e-06, 0.03786802291870117, 0.034778594970703125
602, 1.021033540382632e-06, 0.021351099014282227, 0.043013811111450195
603, 1.0463917305969517e-06, 0.032091617584228516, 0.03737926483154297
604, 1.0370473546572612e-06, 0.025310993194580078, 0.033121347427368164
605, 1.0202510338785942e-06, 0.020623207092285156, 0.03331589698791504
606, 1.008797198664979e-06, 0.02099013328552246, 0.031180143356323242
607, 1.023872641781054e-06, 0.0270845890045166, 0.034676551818847656
608, 1.0028992392108194e-06, 0.024939298629760742, 0.035558223724365234
609, 9.932023203873541e-07, 0.023757219314575195, 0.0315399169921875
610, 1.0171944495596108e-06, 0.02242445945739746, 0.031221866607666016
611, 1.0147399507332011e-06, 0.02205061912536621, 0.030513763427734375
612, 9.896365327222156e-07, 0.019964933395385742, 0.03188133239746094
613, 9.625734946894227e-07, 0.023941755294799805, 0.03195905685424805
614, 9.87509110927931e-07, 0.02708148956298828, 0.03268694877624512
615, 9.892841035252786e-07, 0.023906946182250977, 0.03494453430175781
616, 9.857876648311503e-07, 0.026734590530395508, 0.030755043029785156
617, 9.864252206170931e-07, 0.022624492645263672, 0.03515338897705078
618, 9.772011253517121e-07, 0.02232956886291504, 0.03310394287109375
619, 9.640834832680412e-07, 0.026576757431030273, 0.032367706298828125
620, 9.816129704631749e-07, 0.021880149841308594, 0.027490854263305664
621, 9.665578772910521e-07, 0.019284725189208984, 0.028109073638916016
622, 9.740452924233978e-07, 0.019988059997558594, 0.03248023986816406
623, 9.42807275805535e-07, 0.028200149536132812, 0.03906083106994629
624, 9.428045473214297e-07, 0.027400493621826172, 0.04029226303100586
625, 9.423867481928028e-07, 0.027174949645996094, 0.043062448501586914
626, 9.546702131046914e-07, 0.038706302642822266, 0.04204511642456055
627, 9.633261015551398e-07, 0.029212236404418945, 0.050603389739990234
628, 9.444531769986497e-07, 0.07502627372741699, 0.03941941261291504
629, 9.505218372396484e-07, 0.03165769577026367, 0.03878974914550781
630, 9.2254094852251e-07, 0.02686929702758789, 0.04509377479553223
631, 9.358025749861554e-07, 0.02640509605407715, 0.03145194053649902
632, 9.360061881125148e-07, 0.01986384391784668, 0.031824588775634766
633, 9.372727731715713e-07, 0.024173974990844727, 0.03027629852294922
634, 9.349399192615238e-07, 0.019750595092773438, 0.03298449516296387
635, 9.164500625047367e-07, 0.027929306030273438, 0.030149221420288086
636, 9.171160400001099e-07, 0.02377009391784668, 0.03140544891357422
637, 8.958139119386033e-07, 0.02106022834777832, 0.032938480377197266
638, 9.268837857234757e-07, 0.023123979568481445, 0.0344083309173584
639, 9.148164394900959e-07, 0.03213906288146973, 0.03435373306274414
640, 9.125603241955105e-07, 0.03498387336730957, 0.03763580322265625
641, 9.125600399784162e-07, 0.0385739803314209, 0.032440185546875
642, 9.154651365861355e-07, 0.021753311157226562, 0.03944659233093262
643, 9.067779842553136e-07, 0.03603863716125488, 0.03395795822143555
644, 9.12465793589945e-07, 0.025382518768310547, 0.03274941444396973
645, 8.882947213351144e-07, 0.022092103958129883, 0.03198552131652832
646, 8.860272942001757e-07, 0.02498912811279297, 0.03242635726928711
647, 8.832095659272454e-07, 0.022563695907592773, 0.035024166107177734
648, 8.88046997715719e-07, 0.026987791061401367, 0.03203129768371582
649, 8.81924563600478e-07, 0.026167869567871094, 0.0320284366607666
650, 9.044499051924504e-07, 0.026233673095703125, 0.032850027084350586
651, 8.78975242812885e-07, 0.02393817901611328, 0.035706520080566406
652, 8.574296543883975e-07, 0.032292842864990234, 0.12365031242370605
653, 8.629617127553502e-07, 0.026757240295410156, 0.03814220428466797
654, 8.646728133498982e-07, 0.03965401649475098, 0.07387948036193848
655, 8.57843531321123e-07, 0.028812885284423828, 0.08382034301757812
656, 8.560706419302733e-07, 0.047290802001953125, 0.09059977531433105
657, 8.761293770476186e-07, 0.0518033504486084, 0.17386627197265625
658, 8.615756996732671e-07, 0.1304171085357666, 0.04152202606201172
659, 8.571753937758331e-07, 0.0327143669128418, 0.042849063873291016
660, 8.543205467503867e-07, 0.024617671966552734, 0.07976150512695312
661, 8.634011692265631e-07, 0.03118610382080078, 0.032706499099731445
662, 8.317705919580476e-07, 0.021823406219482422, 0.03040289878845215
663, 8.588645528107008e-07, 0.022810935974121094, 0.034865617752075195
664, 8.275169420812745e-07, 0.021361589431762695, 0.039681196212768555
665, 8.45067745558481e-07, 0.021164894104003906, 0.029730796813964844
666, 8.533348250239214e-07, 0.021783113479614258, 0.030449628829956055
667, 8.274654419437866e-07, 0.027876853942871094, 0.030071735382080078
668, 8.263472182079568e-07, 0.019707202911376953, 0.031435489654541016
669, 8.101249591163651e-07, 0.023261308670043945, 0.030421972274780273
670, 8.237777251451917e-07, 0.02104473114013672, 0.0321352481842041
671, 8.382230589631945e-07, 0.02160024642944336, 0.028995037078857422
672, 8.391440360355773e-07, 0.024101734161376953, 0.03303813934326172
673, 8.227107173297554e-07, 0.024387359619140625, 0.034375905990600586
674, 8.227609100686095e-07, 0.020766735076904297, 0.033200979232788086
675, 8.19077513369848e-07, 0.024110794067382812, 0.029619216918945312
676, 8.155443538271356e-07, 0.02283000946044922, 0.03947639465332031
677, 7.928182412797469e-07, 0.028935909271240234, 0.06911373138427734
678, 8.085177114480757e-07, 0.05631732940673828, 0.05343317985534668
679, 8.085683020908618e-07, 0.04184603691101074, 0.07189750671386719
680, 7.903141749920906e-07, 0.035611629486083984, 0.04859590530395508
681, 7.891675295468303e-07, 0.036008596420288086, 0.04432201385498047
682, 7.890388360465295e-07, 0.02406001091003418, 0.03761553764343262
683, 7.888318123150384e-07, 0.027583837509155273, 0.03637528419494629
684, 7.951050520205172e-07, 0.030299901962280273, 0.05276012420654297
685, 8.017147479222331e-07, 0.031197309494018555, 0.039972782135009766
686, 7.928771879051055e-07, 0.02410149574279785, 0.03509163856506348
687, 7.809216526766249e-07, 0.02672863006591797, 0.05776023864746094
688, 7.761527740512975e-07, 0.032465457916259766, 0.03650069236755371
689, 7.729918252152856e-07, 0.025057554244995117, 0.0388028621673584
690, 7.714563707850175e-07, 0.02762746810913086, 0.03468441963195801
691, 7.708067073508573e-07, 0.02267146110534668, 0.03545856475830078
692, 7.745439916106989e-07, 0.032927751541137695, 0.035970449447631836
693, 7.562486530332535e-07, 0.03116607666015625, 0.03840041160583496
694, 7.68333279665967e-07, 0.022060632705688477, 0.03541302680969238
695, 7.548482585661986e-07, 0.023183584213256836, 0.03673291206359863
696, 7.521857128267584e-07, 0.02187490463256836, 0.03623342514038086
697, 7.614255537191639e-07, 0.03426098823547363, 0.03665041923522949
698, 7.563015174127941e-07, 0.024633407592773438, 0.03106856346130371
699, 7.515657785006624e-07, 0.02346515655517578, 0.03836345672607422
700, 7.313353194149386e-07, 0.022193193435668945, 0.030330896377563477
701, 7.403857580356998e-07, 0.024277925491333008, 0.03289461135864258
702, 7.358381708399975e-07, 0.02148580551147461, 0.04495692253112793
703, 7.393140322164982e-07, 0.038909912109375, 0.044622182846069336
704, 7.346882284764433e-07, 0.03209400177001953, 0.05076742172241211
705, 7.252872933349863e-07, 0.032257795333862305, 0.042864322662353516
706, 7.468661351595074e-07, 0.024190187454223633, 0.03530526161193848
707, 7.270162427630567e-07, 0.02820754051208496, 0.0330204963684082
708, 7.185192316683242e-07, 0.022551298141479492, 0.033962249755859375
709, 7.326516424654983e-07, 0.024075746536254883, 0.03552436828613281
710, 7.162174142649746e-07, 0.01960134506225586, 0.030696392059326172
711, 7.190400310719269e-07, 0.020923614501953125, 0.02993154525756836
712, 7.146569487304077e-07, 0.019791126251220703, 0.033126115798950195
713, 7.092973532962787e-07, 0.020764827728271484, 0.03031635284423828
714, 7.211878028101637e-07, 0.023978471755981445, 0.0290529727935791
715, 7.128018069124664e-07, 0.021361351013183594, 0.030382394790649414
716, 7.150233614083845e-07, 0.021634817123413086, 0.030205965042114258
717, 6.894875355101249e-07, 0.02017807960510254, 0.03029346466064453
718, 7.074460199874011e-07, 0.022153615951538086, 0.02947998046875
719, 6.847477038718353e-07, 0.020636320114135742, 0.02983570098876953
720, 6.991106147324899e-07, 0.023157119750976562, 0.030383586883544922
721, 6.969040100557322e-07, 0.018459558486938477, 0.02909255027770996
722, 6.836395414211438e-07, 0.020759105682373047, 0.03200721740722656
723, 6.812917376919359e-07, 0.023859024047851562, 0.028725624084472656
724, 6.908941259098356e-07, 0.020740032196044922, 0.02741098403930664
725, 6.870281481496932e-07, 0.01952528953552246, 0.028017044067382812
726, 6.703370445393375e-07, 0.020768404006958008, 0.03047013282775879
727, 6.969237347220769e-07, 0.022846698760986328, 0.02783060073852539
728, 6.665774208158837e-07, 0.021332979202270508, 0.02993631362915039
729, 6.621820034524717e-07, 0.02053093910217285, 0.0277249813079834
730, 6.648710382251011e-07, 0.0187838077545166, 0.029387474060058594
731, 6.72161093007162e-07, 0.019134521484375, 0.029488086700439453
732, 6.666854233117192e-07, 0.018672466278076172, 0.03200101852416992
733, 6.649696047134057e-07, 0.018825769424438477, 0.02792644500732422
734, 6.550177999997686e-07, 0.020453691482543945, 0.029627323150634766
735, 6.55959354389779e-07, 0.02010321617126465, 0.030863285064697266
736, 6.581346383427444e-07, 0.02031254768371582, 0.029187679290771484
737, 6.518311010950129e-07, 0.019347429275512695, 0.030190706253051758
738, 6.4572572000543e-07, 0.01926898956298828, 0.029888391494750977
739, 6.570305117747921e-07, 0.01964092254638672, 0.02854442596435547
740, 6.596943649128661e-07, 0.02279973030090332, 0.02870798110961914
741, 6.485410608547681e-07, 0.019771099090576172, 0.030305862426757812
742, 6.339151923384634e-07, 0.01911473274230957, 0.027586698532104492
743, 6.500867471004312e-07, 0.0211489200592041, 0.027057170867919922
744, 6.428113010770176e-07, 0.018538236618041992, 0.028192996978759766
745, 6.32252408649947e-07, 0.01843714714050293, 0.029297828674316406
746, 6.295144316936785e-07, 0.023354053497314453, 0.027918577194213867
747, 6.488276653726643e-07, 0.0186002254486084, 0.028294086456298828
748, 6.221212629498041e-07, 0.018843412399291992, 0.029488801956176758
749, 6.161047849673196e-07, 0.018081188201904297, 0.029317378997802734
750, 6.170110964376363e-07, 0.024570703506469727, 0.027754545211791992
751, 6.226805453479756e-07, 0.01886129379272461, 0.02932906150817871
752, 6.150664830784081e-07, 0.018450260162353516, 0.02903580665588379
753, 6.155585765554861e-07, 0.019728899002075195, 0.028799057006835938
754, 6.134554837444739e-07, 0.02323746681213379, 0.02796483039855957
755, 6.03245098318439e-07, 0.020821809768676758, 0.028328895568847656
756, 6.097821483308508e-07, 0.019973278045654297, 0.028452634811401367
757, 6.088134796300437e-07, 0.020504236221313477, 0.026701688766479492
758, 6.063759769858734e-07, 0.0199127197265625, 0.027705907821655273
759, 6.075420060369652e-07, 0.018883705139160156, 0.030719280242919922
760, 6.122772333583271e-07, 0.01868152618408203, 0.027742624282836914
761, 6.0211834806978e-07, 0.018627643585205078, 0.02843785285949707
762, 5.989667783978803e-07, 0.020734786987304688, 0.026677846908569336
763, 5.953103254796588e-07, 0.019702911376953125, 0.027656078338623047
764, 6.061774797672115e-07, 0.01846766471862793, 0.029330968856811523
765, 5.86524322443438e-07, 0.024003982543945312, 0.029875993728637695
766, 5.891648697797791e-07, 0.019965410232543945, 0.03119659423828125
767, 5.911969651606341e-07, 0.01938772201538086, 0.030205488204956055
768, 5.810112497783848e-07, 0.018697500228881836, 0.03072381019592285
769, 5.817255441797897e-07, 0.018778085708618164, 0.02808690071105957
770, 5.791180797132256e-07, 0.024991750717163086, 0.028378725051879883
771, 5.766686967945134e-07, 0.01772618293762207, 0.032140493392944336
772, 5.751053890890034e-07, 0.0195925235748291, 0.028557300567626953
773, 5.698414042853983e-07, 0.02019190788269043, 0.029425382614135742
774, 5.773194402536319e-07, 0.021271467208862305, 0.02705550193786621
775, 5.771229325546301e-07, 0.01871204376220703, 0.028697729110717773
776, 5.735477088819607e-07, 0.021561145782470703, 0.02873516082763672
777, 5.678652996721212e-07, 0.021780014038085938, 0.030362367630004883
778, 5.689460635949217e-07, 0.022971153259277344, 0.032256364822387695
779, 5.557628242058854e-07, 0.018590688705444336, 0.029111385345458984
780, 5.654188726111897e-07, 0.019376277923583984, 0.030155420303344727
781, 5.550803621190425e-07, 0.01945972442626953, 0.02850651741027832
782, 5.473343094308802e-07, 0.02123236656188965, 0.028942346572875977
783, 5.680713002220728e-07, 0.01814413070678711, 0.029199838638305664
784, 5.639867026729917e-07, 0.018763065338134766, 0.02863764762878418
785, 5.412334758148063e-07, 0.01877760887145996, 0.02796196937561035
786, 5.61259810183401e-07, 0.020529985427856445, 0.028459548950195312
787, 5.369437872104754e-07, 0.018540620803833008, 0.02867746353149414
788, 5.424570304057852e-07, 0.018420934677124023, 0.0286712646484375
789, 5.385850272432435e-07, 0.020267963409423828, 0.02817559242248535
790, 5.364641992855468e-07, 0.01934504508972168, 0.029506683349609375
791, 5.423607944976538e-07, 0.0183103084564209, 0.02833104133605957
792, 5.305496983964986e-07, 0.019263267517089844, 0.028139352798461914
793, 5.285762654239079e-07, 0.020403146743774414, 0.029641389846801758
794, 5.132403657626128e-07, 0.018731355667114258, 0.029199600219726562
795, 5.183655389373598e-07, 0.01849675178527832, 0.028931379318237305
796, 5.371892939365353e-07, 0.02435612678527832, 0.03082728385925293
797, 5.388147314988601e-07, 0.018523454666137695, 0.029103994369506836
798, 5.294523930388095e-07, 0.017781734466552734, 0.029029369354248047
799, 5.198169219511328e-07, 0.02207207679748535, 0.028203487396240234
800, 5.238622975412e-07, 0.019115209579467773, 0.02920985221862793
801, 5.149799449100101e-07, 0.02175450325012207, 0.02868199348449707
802, 5.147763317836507e-07, 0.019809722900390625, 0.029732942581176758
803, 5.03865862810926e-07, 0.0207979679107666, 0.02906060218811035
804, 5.054444045526907e-07, 0.021517276763916016, 0.027556657791137695
805, 5.061012302576273e-07, 0.018128156661987305, 0.02796316146850586
806, 5.108609002490994e-07, 0.019191741943359375, 0.027480602264404297
807, 5.016812565372675e-07, 0.019501447677612305, 0.029211044311523438
808, 5.082799248157244e-07, 0.01995682716369629, 0.02735447883605957
809, 5.000206328986678e-07, 0.02155303955078125, 0.029166221618652344
810, 5.02560283166531e-07, 0.018145084381103516, 0.027493953704833984
811, 4.98382121350005e-07, 0.018822431564331055, 0.028902292251586914
812, 4.920415790365951e-07, 0.019576311111450195, 0.028470277786254883
813, 4.871092755820428e-07, 0.021626710891723633, 0.029713153839111328
814, 4.955991812494176e-07, 0.020262718200683594, 0.029539823532104492
815, 4.920997298540897e-07, 0.020757198333740234, 0.02810811996459961
816, 4.951113510287541e-07, 0.021090984344482422, 0.029288053512573242
817, 4.866975586992339e-07, 0.02074456214904785, 0.028694629669189453
818, 4.782596079166979e-07, 0.023302078247070312, 0.03032541275024414
819, 4.826334816243616e-07, 0.021483421325683594, 0.02974414825439453
820, 4.806241804544698e-07, 0.019421815872192383, 0.02770066261291504
821, 4.814651788365154e-07, 0.022534608840942383, 0.03333878517150879
822, 4.781994107361243e-07, 0.0240628719329834, 0.03553318977355957
823, 4.7142853532022855e-07, 0.024457931518554688, 0.04767179489135742
824, 4.752516247208405e-07, 0.04136919975280762, 0.038887739181518555
825, 4.7214103915393935e-07, 0.03094315528869629, 0.03627586364746094
826, 4.7364306965391734e-07, 0.023921966552734375, 0.031839609146118164
827, 4.6908425588298996e-07, 0.01942753791809082, 0.04279494285583496
828, 4.5677433035962167e-07, 0.028527498245239258, 0.03202509880065918
829, 4.707700895778544e-07, 0.02211904525756836, 0.03152656555175781
830, 4.6721351054657134e-07, 0.027117490768432617, 0.030161619186401367
831, 4.532116406608111e-07, 0.01962757110595703, 0.0319828987121582
832, 4.708851690793381e-07, 0.028406620025634766, 0.030241012573242188
833, 4.5341178633862e-07, 0.020782470703125, 0.029675006866455078
834, 4.530366481958481e-07, 0.020971298217773438, 0.027920007705688477
835, 4.578023435897194e-07, 0.01903533935546875, 0.03165602684020996
836, 4.4818440869676124e-07, 0.02619314193725586, 0.028720855712890625
837, 4.49541346370097e-07, 0.01982402801513672, 0.029968738555908203
838, 4.513754845447693e-07, 0.032286643981933594, 0.028460264205932617
839, 4.34612559274683e-07, 0.019986867904663086, 0.03670167922973633
840, 4.5152663119552017e-07, 0.0347745418548584, 0.03343510627746582
841, 4.4822547806688817e-07, 0.026211977005004883, 0.032984018325805664
842, 4.395898827169731e-07, 0.03238248825073242, 0.043679237365722656
843, 4.445960257726256e-07, 0.030480623245239258, 0.04036545753479004
844, 4.373563911030942e-07, 0.050646066665649414, 0.04140901565551758
845, 4.4513535613077693e-07, 0.03322434425354004, 0.04005742073059082
846, 4.3302932795086235e-07, 0.0245358943939209, 0.03286910057067871
847, 4.3573294306042953e-07, 0.02061772346496582, 0.03384113311767578
848, 4.2940988009831926e-07, 0.021792173385620117, 0.030911684036254883
849, 4.300057412365277e-07, 0.024211406707763672, 0.03293156623840332
850, 4.326043949731684e-07, 0.020943403244018555, 0.03476595878601074
851, 4.3245609049336053e-07, 0.023853778839111328, 0.03413200378417969
852, 4.2894956209238444e-07, 0.031232357025146484, 0.030464649200439453
853, 4.2632848362700315e-07, 0.03191733360290527, 0.04714703559875488
854, 4.198622320927825e-07, 0.027193069458007812, 0.04042959213256836
855, 4.2181358139714575e-07, 0.044522762298583984, 0.041478633880615234
856, 4.2246645648447156e-07, 0.02794480323791504, 0.04454803466796875
857, 4.2343762629570847e-07, 0.03375744819641113, 0.03944206237792969
858, 4.154417183599435e-07, 0.02945423126220703, 0.03510904312133789
859, 4.0807546497489966e-07, 0.020818710327148438, 0.03299880027770996
860, 4.1245715465265675e-07, 0.022912025451660156, 0.030657052993774414
861, 4.144497438574035e-07, 0.020162343978881836, 0.03115677833557129
862, 4.1145372620121634e-07, 0.029218435287475586, 0.03149580955505371
863, 4.095036842954869e-07, 0.024822473526000977, 0.03448033332824707
864, 3.9992903566599125e-07, 0.024325132369995117, 0.03139805793762207
865, 3.9890403513709316e-07, 0.02016592025756836, 0.030803203582763672
866, 4.0463305595039856e-07, 0.019985437393188477, 0.030853986740112305
867, 3.9593547285221575e-07, 0.0245668888092041, 0.03262782096862793
868, 4.065827283739054e-07, 0.01946568489074707, 0.030930519104003906
869, 4.0068016460281797e-07, 0.021965742111206055, 0.02963089942932129
870, 3.8999684193186113e-07, 0.020817041397094727, 0.029601573944091797
871, 3.9307994370574306e-07, 0.021277189254760742, 0.03056812286376953
872, 3.901584477716824e-07, 0.020517587661743164, 0.028906583786010742
873, 3.954279179652076e-07, 0.030692338943481445, 0.030413389205932617
874, 3.943791568872257e-07, 0.023037433624267578, 0.030353546142578125
875, 3.830001276128314e-07, 0.02490544319152832, 0.030518531799316406
876, 3.859086632473918e-07, 0.020380496978759766, 0.029620647430419922
877, 3.91022751955461e-07, 0.025308847427368164, 0.032267093658447266
878, 3.7749802572761837e-07, 0.025800228118896484, 0.030532121658325195
879, 3.8172069594111235e-07, 0.020170211791992188, 0.03133893013000488
880, 3.837375004422938e-07, 0.023865461349487305, 0.028687715530395508
881, 3.8119338796605007e-07, 0.02171802520751953, 0.031632184982299805
882, 3.746192476228316e-07, 0.020605087280273438, 0.03110480308532715
883, 3.736508915608283e-07, 0.023804426193237305, 0.029485464096069336
884, 3.777623192036117e-07, 0.021231412887573242, 0.030122041702270508
885, 3.7162229205023323e-07, 0.019556522369384766, 0.031435251235961914
886, 3.708974247729202e-07, 0.02324199676513672, 0.03886985778808594
887, 3.714750107519649e-07, 0.03363943099975586, 0.039865970611572266
888, 3.752381587673881e-07, 0.02881598472595215, 0.04503297805786133
889, 3.6677255366157624e-07, 0.0354001522064209, 0.04365801811218262
890, 3.6343905662761244e-07, 0.045975446701049805, 0.0355229377746582
891, 3.6357815247356484e-07, 0.027434587478637695, 0.029738903045654297
892, 3.6267840641812654e-07, 0.020100116729736328, 0.03194737434387207
893, 3.6149327797829756e-07, 0.02593827247619629, 0.0303800106048584
894, 3.6381277368491283e-07, 0.023102760314941406, 0.03389096260070801
895, 3.5595326153270435e-07, 0.02860093116760254, 0.03191065788269043
896, 3.562194592632295e-07, 0.026077747344970703, 0.03269624710083008
897, 3.476390020296094e-07, 0.022826671600341797, 0.031045198440551758
898, 3.575834170987946e-07, 0.020838260650634766, 0.030449390411376953
899, 3.5334974768375105e-07, 0.022072792053222656, 0.030340194702148438
900, 3.492390305837034e-07, 0.021238088607788086, 0.030486583709716797
901, 3.4904218182418845e-07, 0.02275228500366211, 0.029402971267700195
902, 3.4572187246340036e-07, 0.019953012466430664, 0.030007600784301758
903, 3.406375981285237e-07, 0.02261495590209961, 0.029434919357299805
904, 3.414122033973399e-07, 0.023446321487426758, 0.031142711639404297
905, 3.380394275609433e-07, 0.02244400978088379, 0.030942916870117188
906, 3.394181931071216e-07, 0.03026270866394043, 0.02910304069519043
907, 3.4027075912490545e-07, 0.020267009735107422, 0.03117990493774414
908, 3.390887286514044e-07, 0.019978761672973633, 0.030019044876098633
909, 3.40985621960499e-07, 0.019832134246826172, 0.03364419937133789
910, 3.338024612276058e-07, 0.021410703659057617, 0.03118133544921875
911, 3.3347913586112554e-07, 0.023909807205200195, 0.029282093048095703
912, 3.3252518960580346e-07, 0.020093679428100586, 0.03149294853210449
913, 3.315062997444329e-07, 0.024703025817871094, 0.02924323081970215
914, 3.3006980970640143e-07, 0.01996779441833496, 0.03213310241699219
915, 3.363860514582484e-07, 0.02183389663696289, 0.028074979782104492
916, 3.328203206365288e-07, 0.020780086517333984, 0.029632568359375
917, 3.267259955919144e-07, 0.027141332626342773, 0.029531002044677734
918, 3.324289252759627e-07, 0.020052671432495117, 0.0301055908203125
919, 3.344615890910063e-07, 0.02146458625793457, 0.031266212463378906
920, 3.1722211701890046e-07, 0.023979663848876953, 0.03037118911743164
921, 3.219678603727516e-07, 0.019830942153930664, 0.03188633918762207
922, 3.2045278430814506e-07, 0.0201418399810791, 0.03030681610107422
923, 3.1473982176066784e-07, 0.02278923988342285, 0.03164482116699219
924, 3.222449151962792e-07, 0.030061721801757812, 0.030797958374023438
925, 3.132531674054917e-07, 0.019029617309570312, 0.03137850761413574
926, 3.1580120207763684e-07, 0.025843143463134766, 0.02917933464050293
927, 3.13867246859445e-07, 0.021722793579101562, 0.030359506607055664
928, 3.0918096172172227e-07, 0.019476652145385742, 0.03216409683227539
929, 3.0750607038498856e-07, 0.020783424377441406, 0.029817819595336914
930, 3.0531742822859087e-07, 0.021265506744384766, 0.03081989288330078
931, 3.023314434358326e-07, 0.02067875862121582, 0.02973031997680664
932, 3.017468657162681e-07, 0.02073049545288086, 0.028983354568481445
933, 3.1013931334200606e-07, 0.020627260208129883, 0.029570579528808594
934, 3.011882370174135e-07, 0.021346569061279297, 0.03185582160949707
935, 3.0304602205433184e-07, 0.02395176887512207, 0.028421640396118164
936, 2.9885435992582643e-07, 0.022840261459350586, 0.03667092323303223
937, 3.0298218689495116e-07, 0.0221560001373291, 0.030271291732788086
938, 3.007455120496161e-07, 0.019375085830688477, 0.03310990333557129
939, 3.0008476414877805e-07, 0.0195620059967041, 0.028615951538085938
940, 2.897320712236251e-07, 0.019135475158691406, 0.028608322143554688
941, 3.022681482889311e-07, 0.018718481063842773, 0.029844284057617188
942, 2.967919670027186e-07, 0.024550676345825195, 0.02782607078552246
943, 2.962092082725576e-07, 0.023271560668945312, 0.02772974967956543
944, 2.8913433425259427e-07, 0.01832127571105957, 0.02789449691772461
945, 2.943295100976684e-07, 0.01901531219482422, 0.028331279754638672
946, 2.895946806802385e-07, 0.019161462783813477, 0.030933856964111328
947, 2.885368530769483e-07, 0.02110767364501953, 0.029727458953857422
948, 2.8530087092804024e-07, 0.01859903335571289, 0.027797698974609375
949, 2.8449125011320575e-07, 0.021744251251220703, 0.027790546417236328
950, 2.850145790489478e-07, 0.023262739181518555, 0.03799724578857422
951, 2.851548117632774e-07, 0.022242307662963867, 0.02991509437561035
952, 2.8697456855297787e-07, 0.02078843116760254, 0.02903580665588379
953, 2.8380949856909865e-07, 0.021128177642822266, 0.03331780433654785
954, 2.813657715705631e-07, 0.021965980529785156, 0.03072667121887207
955, 2.8187531597723137e-07, 0.02339458465576172, 0.027250051498413086
956, 2.686913944671687e-07, 0.019400596618652344, 0.032134056091308594
957, 2.760125425993465e-07, 0.021476030349731445, 0.029500961303710938
958, 2.733077053562738e-07, 0.02481698989868164, 0.036916494369506836
959, 2.721018006468512e-07, 0.025891780853271484, 0.036039113998413086
960, 2.7278380798634316e-07, 0.021145105361938477, 0.03239703178405762
961, 2.772838740838779e-07, 0.020637035369873047, 0.029293537139892578
962, 2.7127811108584865e-07, 0.02246832847595215, 0.03196454048156738
963, 2.71130943474418e-07, 0.02426886558532715, 0.030950069427490234
964, 2.6966156951857556e-07, 0.024080514907836914, 0.03442978858947754
965, 2.682545527932234e-07, 0.02569723129272461, 0.03011941909790039
966, 2.6856830004362564e-07, 0.02080249786376953, 0.03082418441772461
967, 2.68915471224318e-07, 0.023494720458984375, 0.030139923095703125
968, 2.645874133122561e-07, 0.021123886108398438, 0.03198432922363281
969, 2.58639573758046e-07, 0.022439956665039062, 0.035095930099487305
970, 2.609055229640944e-07, 0.019899606704711914, 0.029287338256835938
971, 2.5733854158715985e-07, 0.02041316032409668, 0.030394792556762695
972, 2.5597822173040186e-07, 0.027997493743896484, 0.031188249588012695
973, 2.5615656795707764e-07, 0.01950526237487793, 0.0302884578704834
974, 2.608421425520646e-07, 0.019967079162597656, 0.030409574508666992
975, 2.596168826585199e-07, 0.024472475051879883, 0.02974987030029297
976, 2.49325211143514e-07, 0.02123856544494629, 0.029886484146118164
977, 2.54376288921776e-07, 0.020859718322753906, 0.03108668327331543
978, 2.5607477027733694e-07, 0.024340391159057617, 0.030704259872436523
979, 2.539142940349848e-07, 0.022792816162109375, 0.03133249282836914
980, 2.574551558609528e-07, 0.021929502487182617, 0.02985358238220215
981, 2.476590736932849e-07, 0.021513700485229492, 0.030020952224731445
982, 2.4726332981117594e-07, 0.01904773712158203, 0.031154155731201172
983, 2.4815551569190575e-07, 0.02184128761291504, 0.028867006301879883
984, 2.422180784833472e-07, 0.01953125, 0.030830860137939453
985, 2.4318293867509055e-07, 0.02547478675842285, 0.030297279357910156
986, 2.4016904376367165e-07, 0.02019810676574707, 0.03057551383972168
987, 2.412075730262586e-07, 0.02646946907043457, 0.029042959213256836
988, 2.429235621548287e-07, 0.01990199089050293, 0.031853437423706055
989, 2.3968107143446105e-07, 0.023744583129882812, 0.030031442642211914
990, 2.4177782620427024e-07, 0.020542383193969727, 0.030718088150024414
991, 2.391755629105319e-07, 0.0278623104095459, 0.02889251708984375
992, 2.34167941925989e-07, 0.01980304718017578, 0.0313723087310791
993, 2.3702820328708185e-07, 0.02149057388305664, 0.029628753662109375
994, 2.3481004518544069e-07, 0.021373748779296875, 0.029729843139648438
995, 2.3331021736794355e-07, 0.026119470596313477, 0.029679298400878906
996, 2.3212983535358944e-07, 0.02025628089904785, 0.030879735946655273
997, 2.2821963341357332e-07, 0.02393937110900879, 0.030343055725097656
998, 2.311278706201847e-07, 0.023871421813964844, 0.03143024444580078
999, 2.3233026524849265e-07, 0.021457910537719727, 0.03063178062438965
